11.169865 21.683167 31.133148 41.722143 
0
7.016714 14.180632 23.602498 32.207997 39.500726 46.623354 
0
0
0
0
0
0
0
5.939440 14.098331 21.973759 30.538873 37.809753 46.068872 
7.383828 17.767586 25.625199 35.450326 45.380023 
5.408020 14.447560 21.912851 30.824911 40.237228 49.007772 
0
0
0
5.970495 13.151489 20.973272 27.534379 34.796799 42.098352 49.450109 
0
0
6.034693 16.816041 27.368180 37.676172 46.888516 
0
0
0
0
0
0
0
0
0
0
0
0
0
0
4.628464 12.354657 21.023225 30.966038 39.271539 48.452513 
0
4.206544 13.520823 21.110398 33.572435 42.672904 
0
0
0
0
0
0
0
0
0
3.356027 11.700849 19.715776 28.271255 37.826334 46.807446 
0
0
0
